387949179021819906
410390754582855680
357894474476683265
292690586283278337
291082988303810560
284140610279964677
352837703403831298
478832204126879770
373443255628464128
365730763292803074
215325831013072898
295257025154121728
213186434193031168
470081764271063060
678200783103197215
518248669808427031
518248669808427031
357894474476683265
411681740109774848
214430793022439424
562926169645907970
315724989057990663
298079596404801538
173483186901352448
213186434193031168
315724989057990663
312414178805547009
312414178805547009
357894474476683265
361393230744518658
298079596404801538
471893729008025600
312414178805547009
467711847261536311
473039569168629771
728836691187597433
682489681400954880
457577987626500108
471893729008025600
503040008551268373
445162221061013514
738756276041023601
314435251218677760
370526214756106250
217704703222349825
339205308494905346
293253688594792459
108213540866756608
484326642525667330
292690586283278337
339205308494905346
214430793022439424
557596608280264714
417983447488004097
728836691187597433
331441638322995201
457577987626500108
275659229568696322
395453118118363157
388809395812696065
557596608280264714
265131523026583553
598529728168722442
275659229568696322
